8
6 0 24 0
24 0 24 4
24 4 6 4
6 4 6 0
12 1 26 1
26 1 26 6
26 6 12 6
12 6 12 1
0 1 17 3
1
10 10 20 10
1 1 30 30
2
0 0 6 0
3 0 9 3
1 1 4 5
3
0 0 6 0
3 0 9 3
6 0 9 6
1 1 4 5
500
117 227 117 104
296 749 278 749
461 934 461 693
995 0 995 757
138 397 614 397
580 459 580 980
498 711 498 663
231 795 231 924
123 655 965 655
370 231 617 231
678 825 238 825
532 945 532 545
595 849 24 849
486 339 486 852
959 125 959 332
210 813 407 813
701 555 807 555
711 855 355 855
876 542 876 866
888 558 702 558
995 643 995 285
276 62 276 22
542 131 419 131
475 645 726 645
732 478 732 778
275 21 896 21
137 441 137 892
521 69 993 69
348 25 348 327
222 624 222 103
252 488 596 488
679 225 679 902
716 792 903 792
2 850 2 455
44 957 44 712
332 106 699 106
922 644 888 644
128 784 920 784
528 376 325 376
881 529 881 187
319 256 319 91
415 464 440 464
509 128 509 51
581 469 581 236
778 508 778 312
46 255 46 831
865 270 473 270
405 393 405 603
365 789 365 616
483 613 483 155
490 457 35 457
10 782 10 372
946 213 946 841
221 698 267 698
389 285 389 860
766 940 484 940
666 769 666 170
338 665 338 136
402 549 966 549
455 722 455 612
13 205 13 552
127 717 127 654
624 747 624 266
937 215 141 215
71 14 71 430
289 224 187 224
840 756 840 850
140 707 618 707
623 436 64 436
547 112 547 215
572 468 572 629
812 205 797 205
209 929 66 929
873 326 789 326
260 722 260 37
738 565 430 565
803 372 803 593
627 498 627 371
657 604 498 604
226 267 226 957
406 603 406 480
190 949 44 949
446 119 446 595
906 463 920 463
626 765 626 886
134 649 295 649
102 15 438 15
378 440 378 222
364 215 364 471
157 206 157 977
917 985 917 837
344 115 573 115
461 341 461 855
928 21 928 489
207 339 207 890
844 993 844 399
231 956 231 358
544 841 487 841
309 779 309 616
734 593 186 593
616 263 616 196
232 152 21 152
822 69 875 69
184 889 184 282
238 704 238 770
309 94 309 47
954 970 618 970
591 109 195 109
418 281 682 281
455 708 1 708
892 29 892 471
225 140 225 463
716 520 156 520
309 560 789 560
957 393 957 444
36 706 36 315
412 775 412 335
100 633 566 633
973 281 483 281
869 419 869 247
892 673 892 468
925 150 925 171
421 30 421 584
841 255 841 347
571 89 292 89
927 962 186 962
732 574 732 971
884 582 884 248
420 394 420 197
90 141 90 96
521 904 521 278
810 543 475 543
957 272 957 872
993 932 369 932
277 908 277 62
477 495 130 495
699 189 375 189
552 469 552 828
102 820 102 558
457 836 457 70
303 627 303 93
778 406 393 406
637 170 535 170
464 112 346 112
454 745 454 94
484 21 416 21
808 477 808 501
824 992 476 992
162 446 162 454
303 117 283 117
290 567 758 567
907 560 907 193
449 432 231 432
936 856 933 856
291 47 285 47
697 718 697 564
387 214 49 214
915 882 185 882
212 534 550 534
862 494 862 44
284 632 284 118
976 298 976 950
839 260 839 315
523 48 523 533
362 590 362 406
848 116 848 704
486 87 486 52
640 207 456 207
782 894 782 909
355 246 912 246
561 375 951 375
550 635 897 635
300 888 300 214
879 667 897 667
179 682 429 682
399 218 399 541
167 520 167 167
576 199 289 199
84 494 350 494
504 865 84 865
740 929 740 437
9 268 9 318
126 299 666 299
22 595 78 595
3 945 953 945
445 840 7 840
533 750 533 153
764 462 445 462
953 854 773 854
534 792 534 401
282 696 511 696
539 966 539 888
404 884 404 156
659 952 659 249
900 305 900 264
419 496 407 496
679 241 679 459
711 856 711 120
940 841 594 841
692 409 231 409
326 683 326 987
424 102 937 102
702 463 391 463
307 795 307 398
974 632 974 487
122 621 122 201
14 22 441 22
912 222 912 368
846 582 846 300
532 4 532 183
257 437 257 679
117 957 117 158
475 266 475 54
617 601 617 569
901 848 901 67
899 191 899 691
516 44 516 590
865 512 865 551
508 467 323 467
489 447 489 886
683 805 666 805
558 724 558 217
722 989 730 989
173 632 783 632
825 11 825 125
340 758 707 758
531 160 979 160
925 83 205 83
217 556 922 556
365 600 922 600
898 266 348 266
577 304 169 304
138 225 88 225
603 445 603 589
723 835 135 835
868 604 870 604
861 923 861 992
151 336 675 336
501 801 501 232
459 155 438 155
95 478 95 963
877 500 234 500
880 8 880 11
544 652 738 652
357 847 376 847
595 804 595 320
149 579 524 579
604 209 790 209
286 80 35 80
96 610 556 610
631 590 677 590
938 380 174 380
990 879 990 590
603 411 543 411
145 715 145 100
348 103 353 103
690 869 226 869
292 299 292 640
582 803 582 368
989 815 162 815
173 448 612 448
434 3 434 126
174 599 174 542
897 32 620 32
146 253 146 878
727 497 727 522
512 723 20 723
670 942 670 470
210 768 820 768
76 602 76 46
964 767 964 980
562 609 562 840
805 224 908 224
794 258 112 258
485 567 485 460
657 768 657 383
585 188 585 516
384 240 384 638
478 52 478 727
908 254 542 254
944 659 870 659
287 821 600 821
900 27 900 411
79 884 801 884
863 570 863 329
995 750 381 750
288 991 718 991
253 23 151 23
760 831 881 831
637 465 417 465
55 938 540 938
195 889 195 974
936 607 86 607
451 837 593 837
139 514 139 394
609 85 609 298
426 322 569 322
978 753 978 617
240 229 240 622
28 678 28 523
996 894 996 512
189 667 789 667
959 469 805 469
969 586 127 586
832 392 58 392
880 498 880 104
152 873 95 873
727 502 727 981
939 83 772 83
697 940 697 879
71 945 71 315
105 306 105 245
348 657 348 234
762 362 762 992
790 474 790 588
764 830 234 830
603 290 603 622
804 359 804 214
41 584 615 584
719 606 719 149
744 949 744 470
729 795 40 795
700 67 700 946
903 448 884 448
364 555 674 555
189 232 0 232
578 685 578 169
511 820 647 820
970 593 970 786
500 318 500 223
788 762 302 762
67 907 67 644
165 450 165 652
491 776 491 726
313 675 782 675
454 822 726 822
201 989 201 211
433 822 433 706
824 34 140 34
36 488 36 314
902 814 840 814
946 101 519 101
792 835 792 485
212 644 357 644
488 830 309 830
121 155 931 155
246 229 217 229
365 282 365 951
481 349 481 351
599 413 599 571
704 570 802 570
706 624 814 624
706 634 706 962
848 49 562 49
676 163 966 163
387 460 387 355
50 836 50 820
807 818 807 788
267 512 267 545
604 793 604 595
506 780 907 780
776 203 587 203
265 713 265 233
810 327 902 327
898 648 898 82
437 103 546 103
566 521 518 521
463 384 567 384
560 768 560 114
425 817 425 115
53 725 711 725
62 749 62 865
276 910 581 910
529 773 529 386
893 143 382 143
928 302 248 302
34 480 34 111
480 192 480 215
989 70 989 79
911 954 331 954
554 415 443 415
915 185 915 60
175 585 666 585
209 220 208 220
956 929 472 929
250 917 250 790
245 400 518 400
487 258 487 373
170 466 170 571
192 335 795 335
610 847 610 339
949 373 698 373
865 587 865 702
877 271 173 271
741 941 15 941
734 809 739 809
556 127 556 184
483 13 495 13
74 954 74 600
841 390 841 194
89 27 50 27
546 928 546 192
777 59 11 59
661 194 665 194
936 670 936 655
625 699 625 196
728 647 332 647
483 880 553 880
127 271 127 417
39 94 811 94
552 496 552 74
500 616 685 616
490 585 490 593
487 80 487 743
578 440 578 626
26 347 93 347
332 307 456 307
288 582 400 582
195 723 195 265
134 735 455 735
978 445 68 445
274 730 274 557
190 847 190 614
183 228 825 228
839 475 955 475
586 185 628 185
662 609 662 198
925 239 663 239
336 894 921 894
873 803 873 54
24 351 24 535
741 32 68 32
670 500 670 151
691 131 691 831
114 838 652 838
525 706 391 706
684 793 684 762
380 729 363 729
815 690 502 690
595 802 595 966
847 357 779 357
683 298 878 298
600 467 658 467
559 749 559 9
264 402 789 402
446 413 446 118
827 788 827 978
218 738 318 738
966 193 966 418
14 3 14 725
756 431 704 431
903 291 903 964
601 811 601 923
664 451 867 451
931 187 555 187
119 236 119 606
786 233 786 847
403 9 130 9
752 422 752 794
482 687 27 687
104 571 104 660
678 880 678 52
263 476 263 857
155 490 372 490
587 104 587 803
388 305 388 496
704 622 711 622
422 575 422 967
714 590 737 590
709 520 405 520
987 447 987 161
884 458 884 834
271 753 114 753
950 201 314 201
13 696 257 696
406 653 406 566
7 651 327 651
117 474 117 467
183 381 638 381
478 179 259 179
751 983 101 983
769 827 769 908
530 157 858 157
79 10 79 448
52 763 919 763
518 131 477 131
880 825 950 825
800 130 308 130
296 241 815 241
400 953 713 953
497 932 615 932
80 980 80 198
44 546 577 546
880 319 880 955
757 29 757 105
743 288 721 288
699 258 699 372
281 3 281 822
453 680 453 994
780 647 780 830
608 984 128 404
0
