00
11
011100
101100
10011111010000
1001001110010011010011
100111010001000100100000100001100001001000010000100011
10011101101110011100100100110100110110111001001110011100011100111001110110111000000110001011110111011011101111011000101111011011100000110110111001111110011100100111001001001110010011100100111001110010011100101110111011101111011011100010111011101110111011101110111011101110001011101110111011101110111011111001110111100111011011001101000111011101111110011101000111100100011101110100110111010001110100111001110111100111010001110111000110111101100000011110000010011101000111100111010001110100110100011101110100111001110111100100011101110111110111011000111101100010001011101110111011110110111001001110011100100111001110011101101110110001100010001111100111011000000111011110111101100011011000110111011111
01101110011111100111001001110010011100101110111011101110111011101110111011101110110111110110111001001110001001000010010011101110111011101110111011101110111011101111100111100111100111001001110010011100100111001001110001110001101100011000110111011110011100011100011011100111100111110111001001110010011110010000011100100111101110110010011110001011111011011101110111110110111001110010001000100010001000100100001011101110110111111001110100010001000100010001000100010000100100100100010001000010011110001000000100000110001000100111010001000010011110010011011100011110111011111001000010011100100100000111100010001000100000
10010001101101110111011111100100100111100000011101110001000110000001111000001001110110000100010001000010011110010010111101000100110111011011110100101111100100011000100010000001110110000100010000100111100000011110000010011101101110111011110100011011011101111110010010111101001011111001000110000100000111011011101111010010011110000001110111001001110110110111110100011000100000011110010010111101000100111001000100011000000111011101000110000001111000001001110111011011110100010001110110111101001011111001000100010001000100011101110111011101000100010001110111000111011101110111011101000100010001000111011101110100010011
10011110011110110001110100000110111001111110011100100111001001001110010011100111001001110010111011101110111011100111001001110010010011100100111001001110010011100100111001001110011100100111001011101110001001110010111011100111001000011111100111010001001110011101000111111001001110011101000111111001110100011111100111010001111110011101000111111001001110011101000111111001110100010011100111100100000111001001111011101111100100111001111001001101001110011110001000001001111000100000100111100100110100111011011000100111111001001110011100100111001001001110011111100001111110001011101110111000011111
